Channel Count Energy
0   0   0
1   0   0
2   0   0
3   0   0
4   0   0
5   0   0
6   0   0
7   0   0
8   0   0
9   0   0
10   0   0
11   1   2.7e-06
12   35   0.00011167
13   0   0
14   0   0
15   0   0
16   0   0
17   1   3.55e-06
18   1   4.18e-06
19   0   0
20   0   0
21   0   0
22   0   0
23   0   0
24   0   0
25   0   0
26   0   0
27   0   0
28   0   0
29   0   0
30   0   0
31   0   0
32   1   3.54e-06
33   0   0
34   0   0
35   0   0
36   0   0
37   68   0.000254
38   0   0
39   0   0
40   0   0
41   0   0
42   1   2.95e-06
43   0   0
44   0   0
45   0   0
46   0   0
47   0   0
48   0   0
49   0   0
50   0   0
51   0   0
52   0   0
53   0   0
54   0   0
55   0   0
56   0   0
57   0   0
58   0   0
59   0   0
60   0   0
61   2   5.59e-06
62   30   0.0001152
63   1   2.94e-06
64   0   0
65   0   0
66   0   0
67   1   2.91e-06
68   0   0
69   0   0
70   0   0
71   0   0
72   1   2.46e-06
73   0   0
74   0   0
75   0   0
76   0   0
77   0   0
78   0   0
79   0   0
80   0   0
81   0   0
82   0   0
83   0   0
84   0   0
85   0   0
86   2   5.56e-06
87   36   0.00012233
88   0   0
89   0   0
90   0   0
91   0   0
92   0   0
93   0   0
94   0   0
95   0   0
96   0   0
97   1   5.12e-06
98   0   0
99   0   0
100   0   0
101   0   0
102   0   0
103   0   0
104   0   0
105   0   0
106   0   0
107   2   5.82e-06
108   0   0
109   0   0
110   0   0
111   1   3e-06
112   57   0.00019253
113   1   2.1e-06
114   0   0
115   0   0
116   0   0
117   1   2.93e-06
118   0   0
119   0   0
120   0   0
121   0   0
122   1   2.85e-06
123   0   0
124   0   0
125   0   0
126   0   0
127   0   0
128   0   0
129   0   0
130   0   0
131   0   0
132   3   8.59e-06
133   0   0
134   0   0
135   0   0
136   1   2.09e-06
137   30   9.589e-05
138   0   0
139   0   0
140   0   0
141   0   0
142   0   0
143   0   0
144   0   0
145   0   0
146   0   0
147   0   0
148   0   0
149   0   0
